10 10
dashboard_h550_i53_n10x10_2af946 0
1 00001U 00000ABC 00001.00000000  .00000000  00000-0  00000+0 0    04
2 00001  53.0000   0.0000 0000001   0.0000   0.0000 15.05491298    06
dashboard_h550_i53_n10x10_2af946 1
1 00002U 00000ABC 00001.00000000  .00000000  00000-0  00000+0 0    05
2 00002  53.0000   0.0000 0000001   0.0000  36.0000 15.05491298    06
dashboard_h550_i53_n10x10_2af946 2
1 00003U 00000ABC 00001.00000000  .00000000  00000-0  00000+0 0    06
2 00003  53.0000   0.0000 0000001   0.0000  72.0000 15.05491298    07
dashboard_h550_i53_n10x10_2af946 3
1 00004U 00000ABC 00001.00000000  .00000000  00000-0  00000+0 0    07
2 00004  53.0000   0.0000 0000001   0.0000 108.0000 15.05491298    08
dashboard_h550_i53_n10x10_2af946 4
1 00005U 00000ABC 00001.00000000  .00000000  00000-0  00000+0 0    08
2 00005  53.0000   0.0000 0000001   0.0000 144.0000 15.05491298    09
dashboard_h550_i53_n10x10_2af946 5
1 00006U 00000ABC 00001.00000000  .00000000  00000-0  00000+0 0    09
2 00006  53.0000   0.0000 0000001   0.0000 180.0000 15.05491298    00
dashboard_h550_i53_n10x10_2af946 6
1 00007U 00000ABC 00001.00000000  .00000000  00000-0  00000+0 0    00
2 00007  53.0000   0.0000 0000001   0.0000 216.0000 15.05491298    01
dashboard_h550_i53_n10x10_2af946 7
1 00008U 00000ABC 00001.00000000  .00000000  00000-0  00000+0 0    01
2 00008  53.0000   0.0000 0000001   0.0000 252.0000 15.05491298    02
dashboard_h550_i53_n10x10_2af946 8
1 00009U 00000ABC 00001.00000000  .00000000  00000-0  00000+0 0    02
2 00009  53.0000   0.0000 0000001   0.0000 288.0000 15.05491298    02
dashboard_h550_i53_n10x10_2af946 9
1 00010U 00000ABC 00001.00000000  .00000000  00000-0  00000+0 0    04
2 00010  53.0000   0.0000 0000001   0.0000 324.0000 15.05491298    05
dashboard_h550_i53_n10x10_2af946 10
1 00011U 00000ABC 00001.00000000  .00000000  00000-0  00000+0 0    05
2 00011  53.0000  36.0000 0000001   0.0000  18.0000 15.05491298    05
dashboard_h550_i53_n10x10_2af946 11
1 00012U 00000ABC 00001.00000000  .00000000  00000-0  00000+0 0    06
2 00012  53.0000  36.0000 0000001   0.0000  54.0000 15.05491298    06
dashboard_h550_i53_n10x10_2af946 12
1 00013U 00000ABC 00001.00000000  .00000000  00000-0  00000+0 0    07
2 00013  53.0000  36.0000 0000001   0.0000  90.0000 15.05491298    07
dashboard_h550_i53_n10x10_2af946 13
1 00014U 00000ABC 00001.00000000  .00000000  00000-0  00000+0 0    08
2 00014  53.0000  36.0000 0000001   0.0000 126.0000 15.05491298    08
dashboard_h550_i53_n10x10_2af946 14
1 00015U 00000ABC 00001.00000000  .00000000  00000-0  00000+0 0    09
2 00015  53.0000  36.0000 0000001   0.0000 162.0000 15.05491298    09
dashboard_h550_i53_n10x10_2af946 15
1 00016U 00000ABC 00001.00000000  .00000000  00000-0  00000+0 0    00
2 00016  53.0000  36.0000 0000001   0.0000 198.0000 15.05491298    09
dashboard_h550_i53_n10x10_2af946 16
1 00017U 00000ABC 00001.00000000  .00000000  00000-0  00000+0 0    01
2 00017  53.0000  36.0000 0000001   0.0000 234.0000 15.05491298    01
dashboard_h550_i53_n10x10_2af946 17
1 00018U 00000ABC 00001.00000000  .00000000  00000-0  00000+0 0    02
2 00018  53.0000  36.0000 0000001   0.0000 270.0000 15.05491298    02
dashboard_h550_i53_n10x10_2af946 18
1 00019U 00000ABC 00001.00000000  .00000000  00000-0  00000+0 0    03
2 00019  53.0000  36.0000 0000001   0.0000 306.0000 15.05491298    03
dashboard_h550_i53_n10x10_2af946 19
1 00020U 00000ABC 00001.00000000  .00000000  00000-0  00000+0 0    05
2 00020  53.0000  36.0000 0000001   0.0000 342.0000 15.05491298    05
dashboard_h550_i53_n10x10_2af946 20
1 00021U 00000ABC 00001.00000000  .00000000  00000-0  00000+0 0    06
2 00021  53.0000  72.0000 0000001   0.0000   0.0000 15.05491298    07
dashboard_h550_i53_n10x10_2af946 21
1 00022U 00000ABC 00001.00000000  .00000000  00000-0  00000+0 0    07
2 00022  53.0000  72.0000 0000001   0.0000  36.0000 15.05491298    07
dashboard_h550_i53_n10x10_2af946 22
1 00023U 00000ABC 00001.00000000  .00000000  00000-0  00000+0 0    08
2 00023  53.0000  72.0000 0000001   0.0000  72.0000 15.05491298    08
dashboard_h550_i53_n10x10_2af946 23
1 00024U 00000ABC 00001.00000000  .00000000  00000-0  00000+0 0    09
2 00024  53.0000  72.0000 0000001   0.0000 108.0000 15.05491298    09
dashboard_h550_i53_n10x10_2af946 24
1 00025U 00000ABC 00001.00000000  .00000000  00000-0  00000+0 0    00
2 00025  53.0000  72.0000 0000001   0.0000 144.0000 15.05491298    00
dashboard_h550_i53_n10x10_2af946 25
1 00026U 00000ABC 00001.00000000  .00000000  00000-0  00000+0 0    01
2 00026  53.0000  72.0000 0000001   0.0000 180.0000 15.05491298    01
dashboard_h550_i53_n10x10_2af946 26
1 00027U 00000ABC 00001.00000000  .00000000  00000-0  00000+0 0    02
2 00027  53.0000  72.0000 0000001   0.0000 216.0000 15.05491298    02
dashboard_h550_i53_n10x10_2af946 27
1 00028U 00000ABC 00001.00000000  .00000000  00000-0  00000+0 0    03
2 00028  53.0000  72.0000 0000001   0.0000 252.0000 15.05491298    03
dashboard_h550_i53_n10x10_2af946 28
1 00029U 00000ABC 00001.00000000  .00000000  00000-0  00000+0 0    04
2 00029  53.0000  72.0000 0000001   0.0000 288.0000 15.05491298    03
dashboard_h550_i53_n10x10_2af946 29
1 00030U 00000ABC 00001.00000000  .00000000  00000-0  00000+0 0    06
2 00030  53.0000  72.0000 0000001   0.0000 324.0000 15.05491298    06
dashboard_h550_i53_n10x10_2af946 30
1 00031U 00000ABC 00001.00000000  .00000000  00000-0  00000+0 0    07
2 00031  53.0000 108.0000 0000001   0.0000  18.0000 15.05491298    07
dashboard_h550_i53_n10x10_2af946 31
1 00032U 00000ABC 00001.00000000  .00000000  00000-0  00000+0 0    08
2 00032  53.0000 108.0000 0000001   0.0000  54.0000 15.05491298    08
dashboard_h550_i53_n10x10_2af946 32
1 00033U 00000ABC 00001.00000000  .00000000  00000-0  00000+0 0    09
2 00033  53.0000 108.0000 0000001   0.0000  90.0000 15.05491298    09
dashboard_h550_i53_n10x10_2af946 33
1 00034U 00000ABC 00001.00000000  .00000000  00000-0  00000+0 0    00
2 00034  53.0000 108.0000 0000001   0.0000 126.0000 15.05491298    00
dashboard_h550_i53_n10x10_2af946 34
1 00035U 00000ABC 00001.00000000  .00000000  00000-0  00000+0 0    01
2 00035  53.0000 108.0000 0000001   0.0000 162.0000 15.05491298    01
dashboard_h550_i53_n10x10_2af946 35
1 00036U 00000ABC 00001.00000000  .00000000  00000-0  00000+0 0    02
2 00036  53.0000 108.0000 0000001   0.0000 198.0000 15.05491298    01
dashboard_h550_i53_n10x10_2af946 36
1 00037U 00000ABC 00001.00000000  .00000000  00000-0  00000+0 0    03
2 00037  53.0000 108.0000 0000001   0.0000 234.0000 15.05491298    03
dashboard_h550_i53_n10x10_2af946 37
1 00038U 00000ABC 00001.00000000  .00000000  00000-0  00000+0 0    04
2 00038  53.0000 108.0000 0000001   0.0000 270.0000 15.05491298    04
dashboard_h550_i53_n10x10_2af946 38
1 00039U 00000ABC 00001.00000000  .00000000  00000-0  00000+0 0    05
2 00039  53.0000 108.0000 0000001   0.0000 306.0000 15.05491298    05
dashboard_h550_i53_n10x10_2af946 39
1 00040U 00000ABC 00001.00000000  .00000000  00000-0  00000+0 0    07
2 00040  53.0000 108.0000 0000001   0.0000 342.0000 15.05491298    07
dashboard_h550_i53_n10x10_2af946 40
1 00041U 00000ABC 00001.00000000  .00000000  00000-0  00000+0 0    08
2 00041  53.0000 144.0000 0000001   0.0000   0.0000 15.05491298    09
dashboard_h550_i53_n10x10_2af946 41
1 00042U 00000ABC 00001.00000000  .00000000  00000-0  00000+0 0    09
2 00042  53.0000 144.0000 0000001   0.0000  36.0000 15.05491298    09
dashboard_h550_i53_n10x10_2af946 42
1 00043U 00000ABC 00001.00000000  .00000000  00000-0  00000+0 0    00
2 00043  53.0000 144.0000 0000001   0.0000  72.0000 15.05491298    00
dashboard_h550_i53_n10x10_2af946 43
1 00044U 00000ABC 00001.00000000  .00000000  00000-0  00000+0 0    01
2 00044  53.0000 144.0000 0000001   0.0000 108.0000 15.05491298    01
dashboard_h550_i53_n10x10_2af946 44
1 00045U 00000ABC 00001.00000000  .00000000  00000-0  00000+0 0    02
2 00045  53.0000 144.0000 0000001   0.0000 144.0000 15.05491298    02
dashboard_h550_i53_n10x10_2af946 45
1 00046U 00000ABC 00001.00000000  .00000000  00000-0  00000+0 0    03
2 00046  53.0000 144.0000 0000001   0.0000 180.0000 15.05491298    03
dashboard_h550_i53_n10x10_2af946 46
1 00047U 00000ABC 00001.00000000  .00000000  00000-0  00000+0 0    04
2 00047  53.0000 144.0000 0000001   0.0000 216.0000 15.05491298    04
dashboard_h550_i53_n10x10_2af946 47
1 00048U 00000ABC 00001.00000000  .00000000  00000-0  00000+0 0    05
2 00048  53.0000 144.0000 0000001   0.0000 252.0000 15.05491298    05
dashboard_h550_i53_n10x10_2af946 48
1 00049U 00000ABC 00001.00000000  .00000000  00000-0  00000+0 0    06
2 00049  53.0000 144.0000 0000001   0.0000 288.0000 15.05491298    05
dashboard_h550_i53_n10x10_2af946 49
1 00050U 00000ABC 00001.00000000  .00000000  00000-0  00000+0 0    08
2 00050  53.0000 144.0000 0000001   0.0000 324.0000 15.05491298    08
dashboard_h550_i53_n10x10_2af946 50
1 00051U 00000ABC 00001.00000000  .00000000  00000-0  00000+0 0    09
2 00051  53.0000 180.0000 0000001   0.0000  18.0000 15.05491298    09
dashboard_h550_i53_n10x10_2af946 51
1 00052U 00000ABC 00001.00000000  .00000000  00000-0  00000+0 0    00
2 00052  53.0000 180.0000 0000001   0.0000  54.0000 15.05491298    00
dashboard_h550_i53_n10x10_2af946 52
1 00053U 00000ABC 00001.00000000  .00000000  00000-0  00000+0 0    01
2 00053  53.0000 180.0000 0000001   0.0000  90.0000 15.05491298    01
dashboard_h550_i53_n10x10_2af946 53
1 00054U 00000ABC 00001.00000000  .00000000  00000-0  00000+0 0    02
2 00054  53.0000 180.0000 0000001   0.0000 126.0000 15.05491298    02
dashboard_h550_i53_n10x10_2af946 54
1 00055U 00000ABC 00001.00000000  .00000000  00000-0  00000+0 0    03
2 00055  53.0000 180.0000 0000001   0.0000 162.0000 15.05491298    03
dashboard_h550_i53_n10x10_2af946 55
1 00056U 00000ABC 00001.00000000  .00000000  00000-0  00000+0 0    04
2 00056  53.0000 180.0000 0000001   0.0000 198.0000 15.05491298    03
dashboard_h550_i53_n10x10_2af946 56
1 00057U 00000ABC 00001.00000000  .00000000  00000-0  00000+0 0    05
2 00057  53.0000 180.0000 0000001   0.0000 234.0000 15.05491298    05
dashboard_h550_i53_n10x10_2af946 57
1 00058U 00000ABC 00001.00000000  .00000000  00000-0  00000+0 0    06
2 00058  53.0000 180.0000 0000001   0.0000 270.0000 15.05491298    06
dashboard_h550_i53_n10x10_2af946 58
1 00059U 00000ABC 00001.00000000  .00000000  00000-0  00000+0 0    07
2 00059  53.0000 180.0000 0000001   0.0000 306.0000 15.05491298    07
dashboard_h550_i53_n10x10_2af946 59
1 00060U 00000ABC 00001.00000000  .00000000  00000-0  00000+0 0    09
2 00060  53.0000 180.0000 0000001   0.0000 342.0000 15.05491298    09
dashboard_h550_i53_n10x10_2af946 60
1 00061U 00000ABC 00001.00000000  .00000000  00000-0  00000+0 0    00
2 00061  53.0000 216.0000 0000001   0.0000   0.0000 15.05491298    01
dashboard_h550_i53_n10x10_2af946 61
1 00062U 00000ABC 00001.00000000  .00000000  00000-0  00000+0 0    01
2 00062  53.0000 216.0000 0000001   0.0000  36.0000 15.05491298    01
dashboard_h550_i53_n10x10_2af946 62
1 00063U 00000ABC 00001.00000000  .00000000  00000-0  00000+0 0    02
2 00063  53.0000 216.0000 0000001   0.0000  72.0000 15.05491298    02
dashboard_h550_i53_n10x10_2af946 63
1 00064U 00000ABC 00001.00000000  .00000000  00000-0  00000+0 0    03
2 00064  53.0000 216.0000 0000001   0.0000 108.0000 15.05491298    03
dashboard_h550_i53_n10x10_2af946 64
1 00065U 00000ABC 00001.00000000  .00000000  00000-0  00000+0 0    04
2 00065  53.0000 216.0000 0000001   0.0000 144.0000 15.05491298    04
dashboard_h550_i53_n10x10_2af946 65
1 00066U 00000ABC 00001.00000000  .00000000  00000-0  00000+0 0    05
2 00066  53.0000 216.0000 0000001   0.0000 180.0000 15.05491298    05
dashboard_h550_i53_n10x10_2af946 66
1 00067U 00000ABC 00001.00000000  .00000000  00000-0  00000+0 0    06
2 00067  53.0000 216.0000 0000001   0.0000 216.0000 15.05491298    06
dashboard_h550_i53_n10x10_2af946 67
1 00068U 00000ABC 00001.00000000  .00000000  00000-0  00000+0 0    07
2 00068  53.0000 216.0000 0000001   0.0000 252.0000 15.05491298    07
dashboard_h550_i53_n10x10_2af946 68
1 00069U 00000ABC 00001.00000000  .00000000  00000-0  00000+0 0    08
2 00069  53.0000 216.0000 0000001   0.0000 288.0000 15.05491298    07
dashboard_h550_i53_n10x10_2af946 69
1 00070U 00000ABC 00001.00000000  .00000000  00000-0  00000+0 0    00
2 00070  53.0000 216.0000 0000001   0.0000 324.0000 15.05491298    00
dashboard_h550_i53_n10x10_2af946 70
1 00071U 00000ABC 00001.00000000  .00000000  00000-0  00000+0 0    01
2 00071  53.0000 252.0000 0000001   0.0000  18.0000 15.05491298    01
dashboard_h550_i53_n10x10_2af946 71
1 00072U 00000ABC 00001.00000000  .00000000  00000-0  00000+0 0    02
2 00072  53.0000 252.0000 0000001   0.0000  54.0000 15.05491298    02
dashboard_h550_i53_n10x10_2af946 72
1 00073U 00000ABC 00001.00000000  .00000000  00000-0  00000+0 0    03
2 00073  53.0000 252.0000 0000001   0.0000  90.0000 15.05491298    03
dashboard_h550_i53_n10x10_2af946 73
1 00074U 00000ABC 00001.00000000  .00000000  00000-0  00000+0 0    04
2 00074  53.0000 252.0000 0000001   0.0000 126.0000 15.05491298    04
dashboard_h550_i53_n10x10_2af946 74
1 00075U 00000ABC 00001.00000000  .00000000  00000-0  00000+0 0    05
2 00075  53.0000 252.0000 0000001   0.0000 162.0000 15.05491298    05
dashboard_h550_i53_n10x10_2af946 75
1 00076U 00000ABC 00001.00000000  .00000000  00000-0  00000+0 0    06
2 00076  53.0000 252.0000 0000001   0.0000 198.0000 15.05491298    05
dashboard_h550_i53_n10x10_2af946 76
1 00077U 00000ABC 00001.00000000  .00000000  00000-0  00000+0 0    07
2 00077  53.0000 252.0000 0000001   0.0000 234.0000 15.05491298    07
dashboard_h550_i53_n10x10_2af946 77
1 00078U 00000ABC 00001.00000000  .00000000  00000-0  00000+0 0    08
2 00078  53.0000 252.0000 0000001   0.0000 270.0000 15.05491298    08
dashboard_h550_i53_n10x10_2af946 78
1 00079U 00000ABC 00001.00000000  .00000000  00000-0  00000+0 0    09
2 00079  53.0000 252.0000 0000001   0.0000 306.0000 15.05491298    09
dashboard_h550_i53_n10x10_2af946 79
1 00080U 00000ABC 00001.00000000  .00000000  00000-0  00000+0 0    01
2 00080  53.0000 252.0000 0000001   0.0000 342.0000 15.05491298    01
dashboard_h550_i53_n10x10_2af946 80
1 00081U 00000ABC 00001.00000000  .00000000  00000-0  00000+0 0    02
2 00081  53.0000 288.0000 0000001   0.0000   0.0000 15.05491298    02
dashboard_h550_i53_n10x10_2af946 81
1 00082U 00000ABC 00001.00000000  .00000000  00000-0  00000+0 0    03
2 00082  53.0000 288.0000 0000001   0.0000  36.0000 15.05491298    02
dashboard_h550_i53_n10x10_2af946 82
1 00083U 00000ABC 00001.00000000  .00000000  00000-0  00000+0 0    04
2 00083  53.0000 288.0000 0000001   0.0000  72.0000 15.05491298    03
dashboard_h550_i53_n10x10_2af946 83
1 00084U 00000ABC 00001.00000000  .00000000  00000-0  00000+0 0    05
2 00084  53.0000 288.0000 0000001   0.0000 108.0000 15.05491298    04
dashboard_h550_i53_n10x10_2af946 84
1 00085U 00000ABC 00001.00000000  .00000000  00000-0  00000+0 0    06
2 00085  53.0000 288.0000 0000001   0.0000 144.0000 15.05491298    05
dashboard_h550_i53_n10x10_2af946 85
1 00086U 00000ABC 00001.00000000  .00000000  00000-0  00000+0 0    07
2 00086  53.0000 288.0000 0000001   0.0000 180.0000 15.05491298    06
dashboard_h550_i53_n10x10_2af946 86
1 00087U 00000ABC 00001.00000000  .00000000  00000-0  00000+0 0    08
2 00087  53.0000 288.0000 0000001   0.0000 216.0000 15.05491298    07
dashboard_h550_i53_n10x10_2af946 87
1 00088U 00000ABC 00001.00000000  .00000000  00000-0  00000+0 0    09
2 00088  53.0000 288.0000 0000001   0.0000 252.0000 15.05491298    08
dashboard_h550_i53_n10x10_2af946 88
1 00089U 00000ABC 00001.00000000  .00000000  00000-0  00000+0 0    00
2 00089  53.0000 288.0000 0000001   0.0000 288.0000 15.05491298    08
dashboard_h550_i53_n10x10_2af946 89
1 00090U 00000ABC 00001.00000000  .00000000  00000-0  00000+0 0    02
2 00090  53.0000 288.0000 0000001   0.0000 324.0000 15.05491298    01
dashboard_h550_i53_n10x10_2af946 90
1 00091U 00000ABC 00001.00000000  .00000000  00000-0  00000+0 0    03
2 00091  53.0000 324.0000 0000001   0.0000  18.0000 15.05491298    03
dashboard_h550_i53_n10x10_2af946 91
1 00092U 00000ABC 00001.00000000  .00000000  00000-0  00000+0 0    04
2 00092  53.0000 324.0000 0000001   0.0000  54.0000 15.05491298    04
dashboard_h550_i53_n10x10_2af946 92
1 00093U 00000ABC 00001.00000000  .00000000  00000-0  00000+0 0    05
2 00093  53.0000 324.0000 0000001   0.0000  90.0000 15.05491298    05
dashboard_h550_i53_n10x10_2af946 93
1 00094U 00000ABC 00001.00000000  .00000000  00000-0  00000+0 0    06
2 00094  53.0000 324.0000 0000001   0.0000 126.0000 15.05491298    06
dashboard_h550_i53_n10x10_2af946 94
1 00095U 00000ABC 00001.00000000  .00000000  00000-0  00000+0 0    07
2 00095  53.0000 324.0000 0000001   0.0000 162.0000 15.05491298    07
dashboard_h550_i53_n10x10_2af946 95
1 00096U 00000ABC 00001.00000000  .00000000  00000-0  00000+0 0    08
2 00096  53.0000 324.0000 0000001   0.0000 198.0000 15.05491298    07
dashboard_h550_i53_n10x10_2af946 96
1 00097U 00000ABC 00001.00000000  .00000000  00000-0  00000+0 0    09
2 00097  53.0000 324.0000 0000001   0.0000 234.0000 15.05491298    09
dashboard_h550_i53_n10x10_2af946 97
1 00098U 00000ABC 00001.00000000  .00000000  00000-0  00000+0 0    00
2 00098  53.0000 324.0000 0000001   0.0000 270.0000 15.05491298    00
dashboard_h550_i53_n10x10_2af946 98
1 00099U 00000ABC 00001.00000000  .00000000  00000-0  00000+0 0    01
2 00099  53.0000 324.0000 0000001   0.0000 306.0000 15.05491298    01
dashboard_h550_i53_n10x10_2af946 99
1 00100U 00000ABC 00001.00000000  .00000000  00000-0  00000+0 0    04
2 00100  53.0000 324.0000 0000001   0.0000 342.0000 15.05491298    04
