6 10
Tiny-Walker-1500 0
1 00001U 00000ABC 00001.00000000  .00000000  00000-0  00000+0 0    04
2 00001  53.0000   0.0000 0000001   0.0000   0.0000 12.67000000    08
Tiny-Walker-1500 1
1 00002U 00000ABC 00001.00000000  .00000000  00000-0  00000+0 0    05
2 00002  53.0000   0.0000 0000001   0.0000  36.0000 12.67000000    08
Tiny-Walker-1500 2
1 00003U 00000ABC 00001.00000000  .00000000  00000-0  00000+0 0    06
2 00003  53.0000   0.0000 0000001   0.0000  72.0000 12.67000000    09
Tiny-Walker-1500 3
1 00004U 00000ABC 00001.00000000  .00000000  00000-0  00000+0 0    07
2 00004  53.0000   0.0000 0000001   0.0000 108.0000 12.67000000    00
Tiny-Walker-1500 4
1 00005U 00000ABC 00001.00000000  .00000000  00000-0  00000+0 0    08
2 00005  53.0000   0.0000 0000001   0.0000 144.0000 12.67000000    01
Tiny-Walker-1500 5
1 00006U 00000ABC 00001.00000000  .00000000  00000-0  00000+0 0    09
2 00006  53.0000   0.0000 0000001   0.0000 180.0000 12.67000000    02
Tiny-Walker-1500 6
1 00007U 00000ABC 00001.00000000  .00000000  00000-0  00000+0 0    00
2 00007  53.0000   0.0000 0000001   0.0000 216.0000 12.67000000    03
Tiny-Walker-1500 7
1 00008U 00000ABC 00001.00000000  .00000000  00000-0  00000+0 0    01
2 00008  53.0000   0.0000 0000001   0.0000 252.0000 12.67000000    04
Tiny-Walker-1500 8
1 00009U 00000ABC 00001.00000000  .00000000  00000-0  00000+0 0    02
2 00009  53.0000   0.0000 0000001   0.0000 288.0000 12.67000000    04
Tiny-Walker-1500 9
1 00010U 00000ABC 00001.00000000  .00000000  00000-0  00000+0 0    04
2 00010  53.0000   0.0000 0000001   0.0000 324.0000 12.67000000    07
Tiny-Walker-1500 10
1 00011U 00000ABC 00001.00000000  .00000000  00000-0  00000+0 0    05
2 00011  53.0000  60.0000 0000001   0.0000  18.0000 12.67000000    04
Tiny-Walker-1500 11
1 00012U 00000ABC 00001.00000000  .00000000  00000-0  00000+0 0    06
2 00012  53.0000  60.0000 0000001   0.0000  54.0000 12.67000000    05
Tiny-Walker-1500 12
1 00013U 00000ABC 00001.00000000  .00000000  00000-0  00000+0 0    07
2 00013  53.0000  60.0000 0000001   0.0000  90.0000 12.67000000    06
Tiny-Walker-1500 13
1 00014U 00000ABC 00001.00000000  .00000000  00000-0  00000+0 0    08
2 00014  53.0000  60.0000 0000001   0.0000 126.0000 12.67000000    07
Tiny-Walker-1500 14
1 00015U 00000ABC 00001.00000000  .00000000  00000-0  00000+0 0    09
2 00015  53.0000  60.0000 0000001   0.0000 162.0000 12.67000000    08
Tiny-Walker-1500 15
1 00016U 00000ABC 00001.00000000  .00000000  00000-0  00000+0 0    00
2 00016  53.0000  60.0000 0000001   0.0000 198.0000 12.67000000    08
Tiny-Walker-1500 16
1 00017U 00000ABC 00001.00000000  .00000000  00000-0  00000+0 0    01
2 00017  53.0000  60.0000 0000001   0.0000 234.0000 12.67000000    00
Tiny-Walker-1500 17
1 00018U 00000ABC 00001.00000000  .00000000  00000-0  00000+0 0    02
2 00018  53.0000  60.0000 0000001   0.0000 270.0000 12.67000000    01
Tiny-Walker-1500 18
1 00019U 00000ABC 00001.00000000  .00000000  00000-0  00000+0 0    03
2 00019  53.0000  60.0000 0000001   0.0000 306.0000 12.67000000    02
Tiny-Walker-1500 19
1 00020U 00000ABC 00001.00000000  .00000000  00000-0  00000+0 0    05
2 00020  53.0000  60.0000 0000001   0.0000 342.0000 12.67000000    04
Tiny-Walker-1500 20
1 00021U 00000ABC 00001.00000000  .00000000  00000-0  00000+0 0    06
2 00021  53.0000 120.0000 0000001   0.0000   0.0000 12.67000000    03
Tiny-Walker-1500 21
1 00022U 00000ABC 00001.00000000  .00000000  00000-0  00000+0 0    07
2 00022  53.0000 120.0000 0000001   0.0000  36.0000 12.67000000    03
Tiny-Walker-1500 22
1 00023U 00000ABC 00001.00000000  .00000000  00000-0  00000+0 0    08
2 00023  53.0000 120.0000 0000001   0.0000  72.0000 12.67000000    04
Tiny-Walker-1500 23
1 00024U 00000ABC 00001.00000000  .00000000  00000-0  00000+0 0    09
2 00024  53.0000 120.0000 0000001   0.0000 108.0000 12.67000000    05
Tiny-Walker-1500 24
1 00025U 00000ABC 00001.00000000  .00000000  00000-0  00000+0 0    00
2 00025  53.0000 120.0000 0000001   0.0000 144.0000 12.67000000    06
Tiny-Walker-1500 25
1 00026U 00000ABC 00001.00000000  .00000000  00000-0  00000+0 0    01
2 00026  53.0000 120.0000 0000001   0.0000 180.0000 12.67000000    07
Tiny-Walker-1500 26
1 00027U 00000ABC 00001.00000000  .00000000  00000-0  00000+0 0    02
2 00027  53.0000 120.0000 0000001   0.0000 216.0000 12.67000000    08
Tiny-Walker-1500 27
1 00028U 00000ABC 00001.00000000  .00000000  00000-0  00000+0 0    03
2 00028  53.0000 120.0000 0000001   0.0000 252.0000 12.67000000    09
Tiny-Walker-1500 28
1 00029U 00000ABC 00001.00000000  .00000000  00000-0  00000+0 0    04
2 00029  53.0000 120.0000 0000001   0.0000 288.0000 12.67000000    09
Tiny-Walker-1500 29
1 00030U 00000ABC 00001.00000000  .00000000  00000-0  00000+0 0    06
2 00030  53.0000 120.0000 0000001   0.0000 324.0000 12.67000000    02
Tiny-Walker-1500 30
1 00031U 00000ABC 00001.00000000  .00000000  00000-0  00000+0 0    07
2 00031  53.0000 180.0000 0000001   0.0000  18.0000 12.67000000    09
Tiny-Walker-1500 31
1 00032U 00000ABC 00001.00000000  .00000000  00000-0  00000+0 0    08
2 00032  53.0000 180.0000 0000001   0.0000  54.0000 12.67000000    00
Tiny-Walker-1500 32
1 00033U 00000ABC 00001.00000000  .00000000  00000-0  00000+0 0    09
2 00033  53.0000 180.0000 0000001   0.0000  90.0000 12.67000000    01
Tiny-Walker-1500 33
1 00034U 00000ABC 00001.00000000  .00000000  00000-0  00000+0 0    00
2 00034  53.0000 180.0000 0000001   0.0000 126.0000 12.67000000    02
Tiny-Walker-1500 34
1 00035U 00000ABC 00001.00000000  .00000000  00000-0  00000+0 0    01
2 00035  53.0000 180.0000 0000001   0.0000 162.0000 12.67000000    03
Tiny-Walker-1500 35
1 00036U 00000ABC 00001.00000000  .00000000  00000-0  00000+0 0    02
2 00036  53.0000 180.0000 0000001   0.0000 198.0000 12.67000000    03
Tiny-Walker-1500 36
1 00037U 00000ABC 00001.00000000  .00000000  00000-0  00000+0 0    03
2 00037  53.0000 180.0000 0000001   0.0000 234.0000 12.67000000    05
Tiny-Walker-1500 37
1 00038U 00000ABC 00001.00000000  .00000000  00000-0  00000+0 0    04
2 00038  53.0000 180.0000 0000001   0.0000 270.0000 12.67000000    06
Tiny-Walker-1500 38
1 00039U 00000ABC 00001.00000000  .00000000  00000-0  00000+0 0    05
2 00039  53.0000 180.0000 0000001   0.0000 306.0000 12.67000000    07
Tiny-Walker-1500 39
1 00040U 00000ABC 00001.00000000  .00000000  00000-0  00000+0 0    07
2 00040  53.0000 180.0000 0000001   0.0000 342.0000 12.67000000    09
Tiny-Walker-1500 40
1 00041U 00000ABC 00001.00000000  .00000000  00000-0  00000+0 0    08
2 00041  53.0000 240.0000 0000001   0.0000   0.0000 12.67000000    08
Tiny-Walker-1500 41
1 00042U 00000ABC 00001.00000000  .00000000  00000-0  00000+0 0    09
2 00042  53.0000 240.0000 0000001   0.0000  36.0000 12.67000000    08
Tiny-Walker-1500 42
1 00043U 00000ABC 00001.00000000  .00000000  00000-0  00000+0 0    00
2 00043  53.0000 240.0000 0000001   0.0000  72.0000 12.67000000    09
Tiny-Walker-1500 43
1 00044U 00000ABC 00001.00000000  .00000000  00000-0  00000+0 0    01
2 00044  53.0000 240.0000 0000001   0.0000 108.0000 12.67000000    00
Tiny-Walker-1500 44
1 00045U 00000ABC 00001.00000000  .00000000  00000-0  00000+0 0    02
2 00045  53.0000 240.0000 0000001   0.0000 144.0000 12.67000000    01
Tiny-Walker-1500 45
1 00046U 00000ABC 00001.00000000  .00000000  00000-0  00000+0 0    03
2 00046  53.0000 240.0000 0000001   0.0000 180.0000 12.67000000    02
Tiny-Walker-1500 46
1 00047U 00000ABC 00001.00000000  .00000000  00000-0  00000+0 0    04
2 00047  53.0000 240.0000 0000001   0.0000 216.0000 12.67000000    03
Tiny-Walker-1500 47
1 00048U 00000ABC 00001.00000000  .00000000  00000-0  00000+0 0    05
2 00048  53.0000 240.0000 0000001   0.0000 252.0000 12.67000000    04
Tiny-Walker-1500 48
1 00049U 00000ABC 00001.00000000  .00000000  00000-0  00000+0 0    06
2 00049  53.0000 240.0000 0000001   0.0000 288.0000 12.67000000    04
Tiny-Walker-1500 49
1 00050U 00000ABC 00001.00000000  .00000000  00000-0  00000+0 0    08
2 00050  53.0000 240.0000 0000001   0.0000 324.0000 12.67000000    07
Tiny-Walker-1500 50
1 00051U 00000ABC 00001.00000000  .00000000  00000-0  00000+0 0    09
2 00051  53.0000 300.0000 0000001   0.0000  18.0000 12.67000000    05
Tiny-Walker-1500 51
1 00052U 00000ABC 00001.00000000  .00000000  00000-0  00000+0 0    00
2 00052  53.0000 300.0000 0000001   0.0000  54.0000 12.67000000    06
Tiny-Walker-1500 52
1 00053U 00000ABC 00001.00000000  .00000000  00000-0  00000+0 0    01
2 00053  53.0000 300.0000 0000001   0.0000  90.0000 12.67000000    07
Tiny-Walker-1500 53
1 00054U 00000ABC 00001.00000000  .00000000  00000-0  00000+0 0    02
2 00054  53.0000 300.0000 0000001   0.0000 126.0000 12.67000000    08
Tiny-Walker-1500 54
1 00055U 00000ABC 00001.00000000  .00000000  00000-0  00000+0 0    03
2 00055  53.0000 300.0000 0000001   0.0000 162.0000 12.67000000    09
Tiny-Walker-1500 55
1 00056U 00000ABC 00001.00000000  .00000000  00000-0  00000+0 0    04
2 00056  53.0000 300.0000 0000001   0.0000 198.0000 12.67000000    09
Tiny-Walker-1500 56
1 00057U 00000ABC 00001.00000000  .00000000  00000-0  00000+0 0    05
2 00057  53.0000 300.0000 0000001   0.0000 234.0000 12.67000000    01
Tiny-Walker-1500 57
1 00058U 00000ABC 00001.00000000  .00000000  00000-0  00000+0 0    06
2 00058  53.0000 300.0000 0000001   0.0000 270.0000 12.67000000    02
Tiny-Walker-1500 58
1 00059U 00000ABC 00001.00000000  .00000000  00000-0  00000+0 0    07
2 00059  53.0000 300.0000 0000001   0.0000 306.0000 12.67000000    03
Tiny-Walker-1500 59
1 00060U 00000ABC 00001.00000000  .00000000  00000-0  00000+0 0    09
2 00060  53.0000 300.0000 0000001   0.0000 342.0000 12.67000000    05
